469831
420915
434650
266816
374857
435147
357930
300014
308837
355487
338363
369414
310113
9187000
328975
379588
250559
394094
332026
360378
334584
393472
344139
278091
435149
376661
1653039
435670
1771631
435671
435810
479691
281656
287513
417951
248449
415419
1310002
434402
459799
399749
289030
435363
6579
328199
1420003
5235000
415418
399700
355898
451127
450207
422090
9765
492034
312082
728150
414397
6898
333226
272502
459813
459718
456419
631590
7316
415420
490094
268375
275703
387652
367171
414578
289028
490097
353680
6881246
394340
476056
475678
403555
439262
473550
476956
6886489
476048
330686
1176954
349761
473533
473555
475687
476041
473552
369333
330718
476057
475649
453604
251866
321982
421719
456471
321984
433250
321983
470480
488698
321981
254830
390855
287007
380755
179949
457106
335993
336014
353401
372046
476399
429594
458481
218574
335523
223621
245530
142946
28218
531035
216418
28970
207195
192936